adidas                   281.35   277.85   -0.65   17:35:22     0.80     52.15    79.90
Allianz                  218.10   214.40   2.75    17:35:15     -3.35    -0.25    29.31
BASF                     66.31    65.65    0.18    17:35:28     5.37     -7.72    -2.81
Bayer                    65.24    65.24    -0.73   17:35:11     7.20     4.67     -11.17
Beiersdorf               105.75   104.85   -0.60   17:35:15     -0.95    13.52    14.42
BMW                      67.41    66.87    -0.50   17:35:08     0.78     -10.12   -8.11
Continental              117.56   114.36   -0.62   17:35:21     0.78     -37.80   -20.03
Covestro                 45.74    45.16    0.24    17:35:10     4.10     -7.25    -14.87
Daimler                  48.43    47.87    -0.70   17:35:01     2.67     -9.28    -3.96
Deutsche_Bank            7.09     7.05     -0.05   17:35:10     0.11     -0.71    -2.66
Deutsche_Börse           143.00   142.40   0.35    17:35:07     15.05    25.20    31.75
Deutsche_Post            30.76    30.62    0.24    17:35:03     0.93     -0.30    1.45
Deutsche_Telekom         15.93    15.77    0.09    17:35:08     0.84     0.93     1.32
EON                      8.80     8.75     -0.03   17:35:18     -0.51    -0.88    0.39
Fresenius_Medical_Care   61.10    60.70    -0.16   17:35:22     -6.84    -10.10   -10.30
Fresenius                43.37    43.09    -1.13   17:35:22     -1.31    -4.91    -18.50
HeidelbergCement         64.68    64.64    0.10    17:35:22     -4.28    -8.52    1.36
Henkel                   93.78    93.22    0.00    17:35:02     3.64     5.20     -3.38
Infineon                 16.29    16.12    -0.17   17:35:27     0.30     -4.72    -2.35
Linde                    175.85   175.05   -1.45   17:35:26     -4.97    16.94    0.00
Lufthansa                15.51    15.43    0.04    17:35:00     0.20     -6.98    -3.63
Merck                    106.00   105.45   -0.30   17:35:20     13.32    11.08    13.70
MTU_Aero_Engines         241.90   240.60   -1.30   17:35:18     24.20    37.40    67.40
Münchener_Rück           247.90   243.90    2.80   17:35:13     21.90    25.20    59.30
RWE                      27.34    27.16    0.01    17:35:08     3.85     4.55    9.88
SAP                      115.82   115.40   -0.18   17:35:09     -3.42    17.27   16.30
Siemens                  99.77    98.71    0.85    17:35:18     1.04     -5.12   -1.54
Volkswagen               169.34   164.10   -0.84   17:35:22     16.72    8.42    22.68
Vonovia                  48.00    47.95    -0.21   17:35:06     3.90     4.13    7.05
Wirecard                 111.65   110.10   -7.50   17:35:05     -19.75   0.00    -54.50
